AMEX
377750
377753
370244
370246
370285
370286
3713
3715
3717
3723
372301
372395
372550
372734
372888
3732
3733
3735
3742
374288
374289
3743
374328
374345
374350
3745
374614
374622
374660
374661
374671
374691
374693
374801
374970
374996
3750
3751
3752
3753
3754150
3754151
3754155
3754165
3755490
3755492
375622
375628
375790
3758
3759
3760
376211
3763
3764
3766
3767
376966
376968
3770
377032
377064
377100
3772
377311
377311
377441
377445
377481
377662
3777
377850
377852
337941
377945
377946
379108
379186
379196
379464
3797

VISA
400115
400121
400344
400610
402360
406366
400837
400937
400937
400938
400941
400942
400944
401171
401106
401180
4013
401343
401344
4016
401612
401773
401795
4018
4019
4026
4037
404137
404146
404527
404586
404645
4028
402802
4029
403897
405670
4060
406774
406742
407220
407441
407444
409311
409617
410504
410635
410654
410894
410897
411016
411298
411636
4117
411773
411911
411986
411945
412134
412266
4124
4128
412921
412983
412984
413433
414049
414051
414099
4143
414588
4146
414711
414716
414720
414746
414746
414780
414983
415045
415055
415231
4153
415461
415874
415929
415981
416039
416451
416724
4166
416896
417008
4172
4177
417935
418122
418221
418224
418236
418238
418307
4185
4188500
41900
419661
419740
419773
4241
420567
420571
420719
420767
420796
420984
4213
421323
421324
421325
421337
421338
421355
421402
421458
421494
4216
4216
421630
421689
421764
4218
422050
422189
422287
4225842
4225846
422594
422629
422695
422727
422793
423347
4238
42383701
42383702
4239
423966
4241
424201
424327
424631
424339
424671
4251
425435
425522
4256
425800
4259
425907
425914
426354
426376
426393
426428
426451
426488
426501
426510
426534
426556
426588
426569
426655
426684
426684
426684
426698
427010
427208
427229
427342
427557
4276
427760
4279
4282
428208
4289150
4289151
428333
428418
428434
428454
429158
429420
429475
429805
430092
4301
430252
4304
430536
430552
430567
430586
430605
4308
4311
431170
4312
431239
431261
431262
431301
4315
431732
4318
431930
431931
431935
4321
432158
4323
432624
4327
432732
432845
432919
432901
432937
4329386
4329387
432995
4333
433445
433507
433948
433950
433991
4342
434254
434256
434257
4343
4344
4349
435225
4355
4356
4356
435680
435744
435760
436338
436618
436610
4367
436742
436773
4377
437737
4380
438088
4382
4384
438617
438676
438755
4388
438857
4390
4391
439225
440210
440211
440260
440319
4404
4405
440626
440752
440753
4408
4412
441669
441712
441822
442162
442518
442790
4428
4430
4435
4432
443233
443464
4436
444238
444400
444512
445093
445094
4451
445479
445480
4458
446053
446155
446157
446157
446158
446153
446261
446268
446272
446274
446277
446278
446279
446291
4465
4470
447320
447452
447692
447747
447817
4479
447935
447995
448156
448336
448360
448445
4488
4489
4492
449352
449364
449533
443438
4481
4482
448336
4490
4493
455788
4551
4500
450003
450060
450065
4502
4503
4504
450405
4505
450605
4506
4506
4507
4508
450823
450875
450878
4509
4510
4511
4512
451291
4513
4514
451503
4516
451834
451845
4519
4520
452088
4529
4530
453030
453231
4535
4536
4537
4538
453801
453826
453904
453978
453979
453980
453997
453998
4540
4541
4542
4543
454305
454312
454313
454361
454417
454434
454495
4544
4545
454605
454718
454742
454749
454867
454869
4549
455025
4551
455121
4552
455271
455272
4553
455451
4555
4555
455503
4556
4557
455701
455702
455707
4559
4560
4563
4563
456351
456403
456406
456413
456414
456432
456443
456445
456448
456453
456462
456468
456469
456472
456475
456491
4565
456707
456735
456738
4568
4569
4570
4571
4579
4580
4580
458109
458123
458440
4585
4587
4599
4608
461983
465859
465904
465921
465942
468805
469568
467937
470758
4715
4718
4720
472926
473099
473104
4736
473702
4744
474480
475050
475110
475116
475117
475118
475127
475131
475132
475423
475427
475637
475714
475743
4758
4760
476072
4761
476515
476559
4773
477361
477517
477548
477596
4779
477915
478200
478825
478880
478901
478907
478986
478992
479000
479056
479080
479087
479144
479293
479213
479348
4797
479731
479769
4798
479884
4800
480152
480183
480213
480641
4807
480801
4809
4820
4824
4828
482870
483542
483561
483583
483585
483588
4841
4842
4843
484427
484432
4854
4861
4862
486236
486269
486430
486483
4867
4868
486990
486993
4873
4888
4890
4892
4893
4889
490115
490220
490292
4903
4904
4905
4906
4906
490603
490606
490611
490612
490620
490623
490625
490627
490678
490696
490762
4907
490841
490847
4909
4910
491002
4911
4913
4914
4912
4915
491611
4917
491731
491754
4918
491859
4919
4920
492046
4921
492111
492181
492182
492127
492213
4925
4929
492940
492942
492946
492949
492160
4931
493467
493468
4935
4936
4937
494053
494052
494114
494120
4960
496604
496645
496696
497063
497128
497160
497164
497251
497301
497302
4974
497543
497545
497618
497671
497652
4978
497958
4984
498824
499897
499916
499977

MasterCard
500235
500766
501012
502029
503615
504507
504834
504837
5049
510000
510001
510002
510003
510005
510008
510009
510010
510011
510013
510015
510017
510018
510019
510021
510024
510029
510030
510034
510035
510036
510037
510038
510040
510060
510087
510136
510142
510197
510241
5108
510840
510875
510982
511000
5112
511300
5115
5116
5117
5118
511810
5118
5119
512000
512005
512010
512012
512015
512022
512023
512024
512025
512105
512106
512109
512110
512136
5122
5123
512462
5125
512551
512568
512569
512607
512622
512687
5130
513100
513101
5131
513141
513142
513143
5131
5132
5133
5134
513453
5135
513536
5135
5136
513624
5136
513691
5137
5138
513900
514011
514012
514013
514015
514016
514017
514019
514021
514022
514102
514108
514253
514700
514876
514889
514923
515854
517644
516010
516029
516300
516310
516315
516319
516361
516331
516335
516337
5163
517651
517652
517669
517805
517869
518126
518127
518142
518145
518152
518175
518176
518791
519000
519113
519120
519129
519133
519140
519154
519161
519163
519173
519180
519200
519220
519240
519244
519259
519269
519281
519283
519290
519293
519322
519332

519371
519373
519381
519383
519390
519393
519400
519403
519409
519430
519433
519443
519463
519490
519493
519520
519525
519540
5122
5130
5132
5135
5141
5148
5150
5151
5155
5156
5176
5177
5179
5182
5185
518652
5187
518996
51639
200
520169
520306
520641
520988
521324
521326
5217
521804
521853
5221
522182
522223
522276
5228
5232
5234
523748
523911
523912
523951
524040
5243
525241
525405
5255
5256
525678
5258
525896
5259
525995
5262
526219
526224
5264
526418
526468
526471
526495
526702
526722
526781
526790
5268
5268
527434
527455
527456
5275
528013
528038
528061
528093
528229
5286
5286
5286
528683
528689
5287
5289
529480
529580
529930
529962
529964
529965
529966
5301
5303
530343
530695
530785
530831
531207
531306
531355
5316
5317
5322
532450
532561
5327
532700
5329
532902
533157
533206
533248
533838
533846
533875
533896
533908
533936
535316
535317
535318
536386
537004
538720
538803
538806
538811
538812
538820
538823
538825
538827
538878
539028
5396
539673
5399
540034
540002
5401
540141
540168
540221
540223
540207
5403
5404
540410
540450
540451
5406
5407
540758
5409
540801
540806
540838
540877
541010
541065
541142
5412
541206
54125602
54125650
541277
541330
541592
5416
541606
541657
5417
5420
5424
542418
5425
542505
542523
542542
542542
542598
5426
5430
5430
543034
543077
543122
543250
543267
5434
543429
543458
543460
543478
543479
543556
543678
543482
543696
543699
5437
5438
5440
544156
5442
544258
544291
5443
5444
5444
544434
544440
5446
544748
544917
545045
5451
545157
5452
545250
5454
5455
545511
545578
5457
5457
5458
5459
545955
5460
546259
546286
5466
546604
54664
546
547046
5471
547343
547347
547356
547367
547372
5474
548009
548045
5483
548652
548653
548673
548674
548805
548901
548912
548955
54896
5490
549035
549099
5491
549104
549110
54911
54912
549409
549471
540041
550619
551128
551167
551445
5520
552016
552033
552038
552093
5521
552157
552188
5522
552213
5523
5524
55456789020
552724
5528
553421
553823
553877
553985
554346
554544
554564
554619
554641
554827
555005
556951
557098
5573
557505
557510
557513
557552
557843
557892
557905
557907
558108
558158
5588
558818
558846

Unidentified
560017
560054
560279
560373
561059
561066
561150
564100
564104
564120
564182
565659
574085
581353
581828
585048
585210
586357
587781
589297
589562
588644
589242
589261
589460
589732
5898
589856
5899
600229
600292
600315
600649
601056
601021
627397
627421
627425
627692
6277
627895
628181
630490
630495
630499
63191
633174
633300
633450
633513
633540
633625
633641
633675
633676
633698
633791
633834
633845
634001
634004
634005
634008
634009
635608
635629
63563
6356500
6360
636325
636587
639231
639300
6541
6556
6660
670695
6709
6718
672
673
6759
675922
675940
675964
675967
675968
6761
676165
676280
676378
676398
676481
676509
676613
6767
676953
676969
6771
677310
677518
677574
677594
690149
7001
700247
7021
7069
778900
926366
923362
9280
627397
627421
627425
627692
6277
627895
628181
630490
630495
630499
63191
633174
633300
633450
633513
633540
633625
633641
633675
633676
633698
633791
633834
633845
634001
634004
634005
634008
634009
635608
635629
63563
6356500
6360
636325
636587
639231
639300
6541
6556
6660
670695
6709
6718
672
673
6759
675922
675940
675964
675967
675968
6761
676165
676280
676378
676398
676481
676509
676613
6767
676953
676969
6771
677310
677518
677574
677594
690149
7001
700247
7021
7069
778900
926366
923362
9280

Discover
6011
6012
601382
6016
601725
601859
601887
6019



